数据统计描述:
==========

               date           sym       n_close        n_open        n_high         n_low  amount_delta    n_midprice        n_bid1      n_bsize1        n_bid2      n_bsize2        n_bid3      n_bsize3        n_bid4      n_bsize4        n_bid5      n_bsize5        n_ask1      n_asize1        n_ask2      n_asize2        n_ask3      n_asize3        n_ask4      n_asize4        n_ask5      n_asize5       label_5      label_10      label_20      label_40      label_60
count  2.038980e+06  2.038980e+06  2.038980e+06  2.038980e+06  2.038980e+06  2.038980e+06  2.038980e+06  2.038980e+06  2.038980e+06  2.038980e+06  2.038980e+06  2.038980e+06  2.038980e+06  2.038980e+06  2.038980e+06  2.038980e+06  2.038980e+06  2.038980e+06  2.038980e+06  2.038980e+06  2.038980e+06  2.038980e+06  2.038980e+06  2.038980e+06  2.038980e+06  2.038980e+06  2.038980e+06  2.038980e+06  2.038980e+06  2.038980e+06  2.038980e+06  2.038980e+06  2.038980e+06
mean   5.050000e+01  2.000000e+00 -2.090753e-03  2.015398e-05  1.713264e-02 -1.845636e-02  5.985653e+05 -2.094149e-03 -2.162694e-03  1.874777e-01 -2.425839e-03  7.496852e-02 -2.674248e-03  7.917792e-02 -2.919617e-03  8.229890e-02 -3.163409e-03  8.278654e-02 -2.216116e-03  1.065208e-01 -1.964225e-03  5.915157e-02 -1.711842e-03  5.949850e-02 -1.457873e-03  5.931330e-02 -1.203320e-03  6.024305e-02  9.937371e-01  9.803078e-01  9.869567e-01  9.710110e-01  9.618348e-01
std    2.944346e+01  1.414214e+00  2.692869e-02  1.293559e-02  2.120302e-02  2.046903e-02  1.437190e+06  2.692777e-02  2.673925e-02  3.021022e+00  2.672340e-02  1.987243e-01  2.671118e-02  1.943319e-01  2.670150e-02  2.069338e-01  2.669198e-02  2.082883e-01  2.634638e-02  1.806596e+00  2.629323e-02  1.825265e-01  2.626818e-02  1.870644e-01  2.624908e-02  2.039078e-01  2.623320e-02  2.419794e-01  5.471440e-01  6.785131e-01  6.155051e-01  7.248370e-01  7.726671e-01
min    0.000000e+00  0.000000e+00 -1.515916e-01 -5.048267e-02 -5.048267e-02 -1.522219e-01  0.000000e+00 -1.517491e-01 -1.519067e-01  0.000000e+00 -1.522219e-01  0.000000e+00 -1.525370e-01  0.000000e+00 -1.528522e-01  0.000000e+00 -1.531673e-01  0.000000e+00 -1.515916e-01  0.000000e+00 -1.512764e-01  0.000000e+00 -1.509612e-01  0.000000e+00 -1.506461e-01  0.000000e+00 -1.503309e-01  0.000000e+00  0.000000e+00  0.000000e+00  0.000000e+00  0.000000e+00  0.000000e+00
25%    2.500000e+01  1.000000e+00 -1.768116e-02 -7.570023e-03  4.044944e-03 -2.887674e-02  8.148900e+04 -1.768116e-02 -1.778832e-02  4.595889e-03 -1.803395e-02  6.790523e-03 -1.827287e-02  8.063746e-03 -1.849737e-02  8.073193e-03 -1.873001e-02  8.073193e-03 -1.751313e-02  4.927956e-03 -1.723800e-02  6.159945e-03 -1.697313e-02  6.356306e-03 -1.670734e-02  6.159945e-03 -1.644587e-02  6.127967e-03  1.000000e+00  1.000000e+00  1.000000e+00  0.000000e+00  0.000000e+00
50%    5.050000e+01  2.000000e+00 -2.901705e-03 -1.352083e-04  1.165091e-02 -1.590877e-02  2.420945e+05 -2.905705e-03 -3.026146e-03  1.614639e-02 -3.288798e-03  2.489285e-02 -3.550296e-03  2.816686e-02 -3.792770e-03  2.844897e-02 -4.034427e-03  2.825617e-02 -2.700513e-03  1.614639e-02 -2.421875e-03  2.178124e-02 -2.135041e-03  2.168212e-02 -1.866833e-03  2.094381e-02 -1.594049e-03  2.018298e-02  1.000000e+00  1.000000e+00  1.000000e+00  1.000000e+00  1.000000e+00
75%    7.600000e+01  3.000000e+00  1.154163e-02  6.224066e-03  2.558480e-02 -6.222548e-03  6.130222e+05  1.154450e-02  1.135645e-02  5.042669e-02  1.109314e-02  7.290048e-02  1.085973e-02  7.966570e-02  1.061699e-02  8.148627e-02  1.037410e-02  8.141289e-02  1.147690e-02  4.804757e-02  1.173754e-02  6.066709e-02  1.198257e-02  6.054894e-02  1.224055e-02  5.881162e-02  1.249554e-02  5.850041e-02  1.000000e+00  1.000000e+00  1.000000e+00  1.000000e+00  2.000000e+00
max    1.010000e+02  4.000000e+00  1.156373e-01  9.653179e-02  1.169514e-01  6.734104e-02  3.309652e+08  1.158563e-01  1.156373e-01  2.318488e+02  1.151993e-01  1.611578e+01  1.147613e-01  1.605078e+01  1.143233e-01  1.594028e+01  1.138852e-01  1.578861e+01  1.160753e-01  6.184095e+01  1.165134e-01  3.384772e+01  1.169514e-01  3.401406e+01  1.173894e-01  3.411007e+01  1.178274e-01  3.417675e+01  2.000000e+00  2.000000e+00  2.000000e+00  2.000000e+00  2.000000e+00